+++++++++
0
0.01
0.02
0.03
0.04
0.05
0.06
0.07
0.08
0.09
0.1
0.11
0.12
0.13
0.14
0.15
0.16
0.17
0.18
0.19
0.2
0.21
0.22
0.23
0.24
0.25
0.26
0.27
0.28
0.29
0.3
0.31
0.32
0.33
0.34
0.35
0.36
0.37
0.38
0.39
0.4
0.41
0.42
0.43
0.44
0.45
0.46
0.47
0.48
0.49
0.5
0.51
0.52
0.53
0.54
0.55
0.56
0.57
0.58
0.59
0.6
0.61
0.62
0.63
0.64
0.65
0.66
0.67
0.68
0.69
0.7
0.71
0.72
0.73
0.74
0.75
0.76
0.77
0.78
0.79
0.8
0.81
0.82
0.83
0.84
0.85
0.86
0.87
0.88
0.89
0.9
0.91
0.92
0.93
0.94
0.95
0.96
0.97
0.98
0.99
+++++++++
0.00733528
0.00780816
0.00828132
0.00865757
0.00870832
0.00867855
0.00846169
0.00796286
0.00749953
0.00688604
0.00593425
0.00526739
0.00461101
0.00345317
0.00275801
0.00230641
0.00125005
0.000605178
0.000340952
-0.000431656
-0.000977877
-0.00119048
-0.00163753
-0.00202695
-0.00226553
-0.00247878
-0.00274556
-0.00297404
-0.00303317
-0.0032456
-0.0034192
-0.00340167
-0.00360766
-0.00368458
-0.00359868
-0.00381215
-0.00386013
-0.00369463
-0.00381389
-0.00392087
-0.00373013
-0.00363137
-0.00377451
-0.00364569
-0.00335502
-0.00341902
-0.0033352
-0.0029782
-0.00290354
-0.00281143
-0.00246493
-0.00224254
-0.00213708
-0.00181955
-0.00145493
-0.00137112
-0.00114302
-0.000676801
-0.000582408
-0.000513457
-8.78356e-05
7.73684e-05
4.56602e-05
0.000264018
0.000385926
0.000334597
0.000367933
0.000330359
0.000250625
0.000157997
-6.73356e-05
-0.000142063
-0.000310446
-0.000712722
-0.000730622
-0.000913952
-0.0013824
-0.00133662
-0.00150817
-0.00189253
-0.00180889
-0.00190089
-0.00207987
-0.00199947
-0.00192832
-0.00181812
-0.00171003
-0.0014313
-0.00100713
-0.000778193
-0.000283024
0.000423762
0.000848949
0.00157987
0.00251248
0.00310366
0.00399338
0.0050239
0.0056585
0.00647533
